Google, 251, 240910, 195, 1, 22
Yunjiasu, 6068, 210463, 5907, 21, 254
WPEngine, 3963, 136400, 4072, 19, 153
Amazon, 1946, 100265, 4476, 25, 83
Amazon, 4254, 199109, 10885, 31, 199
Ourwebpic, 722, 113746, 772, 16, 71
Edgecast, 73, 79750, 383, 2, 12
Cloudflare, 3, 78907, 34, 1, 8
Incapdns, 35, 66882, 382, 7, 29
Dynect, 1, 62760, 46, 2, 6
Cloudflare, 17711, 1295505, 29893, 17, 105
Akamaiedge, 158, 597533, 3396, 9, 38
Anycast, 2667, 116024, 2207, 3, 20
Kxcdn, 1547, 82120, 1235, 7, 17
, 1769, 79038, 2249, 28, 201
Alikunlun, 964, 76647, 1155, 17, 134
Cloudfront, 3331, 75660, 1619, 3, 14
Amazon, 1308, 60343, 3105, 22, 71
Cloudfront, 2363, 59807, 1316, 8, 29
Cdntip.com, 1046, 59457, 1080, 10, 196
Amazon, 1031, 45877, 2570, 13, 71
Amazon.com, 730, 44386, 1574, 5, 33
microsoft, 783, 28601, 740, 1, 14
Netdna, 30, 55041, 240, 4, 107